train_losses: 0.6102408501638406,0.5490050881278181,0.46459843171876797,0.42701370969623226,0.40658180117802595,0.3980756905162591,0.3902018821227184,0.3849415986657679,0.37945233532616207,0.37562824919473553,0.37047299243666154,0.36431569135657094,0.3592527608328063,0.35339507950876636,0.34982676483338876,0.34278190898374356,0.33860593155698515,0.3347674988879022,0.33157671571451836,0.3271194780710852,0.32477677830246865,0.30875686129838087
val_losses: 0.5724790371715501,0.4749739674367988,0.4930249348500032,0.406180335381462,0.3887858030312958,0.3820489546561033,0.39872289387721016,0.3810215336371094,0.37284179155880437,0.3841320875695426,0.37668211674725,0.3555585007604114,0.3537107467021435,0.3528528268544041,0.35865713192839666,0.34281611138895024,0.34213193202874576,0.333575970492714,0.3760999120880494,0.37697104177391566,0.33477521713160563,0.31960021147813983
test_losses: 0.5737758304217814,0.47057057632996807,0.47990535243954674,0.4013772483078801,0.38039989342842434,0.3758718186755917,0.3923883222543116,0.3742296329740185,0.3642761876040923,0.37101925770499616,0.3629187830552763,0.35047898598601795,0.34686455627789303,0.34477716719096324,0.3486199239361217,0.33264600360662877,0.3313091842321891,0.322779295291567,0.36617293632847225,0.36754994101539995,0.3230296070326348,0.3075605450431564
train_accs: 0.736203409419243,0.7749127341730636,0.824874860413722,0.8452954543679767,0.8534480739045893,0.8577664633717798,0.8606479926907549,0.8641386257682125,0.8661845896749104,0.8680665641081706,0.8700188197443326,0.8727129325222361,0.8755397986833988,0.8780308768751416,0.880482909954161,0.883747081377824,0.8834191024309487,0.8861132152088523,0.8874095129512639,0.8893071054296133,0.8896741294892119,0.8960462918856447
val_accs: 0.7224489795918367,0.8304300291545189,0.739905247813411,0.8358236151603499,0.8698615160349854,0.8537172011661808,0.8612244897959184,0.837536443148688,0.8788629737609329,0.846902332361516,0.8649781341107872,0.878134110787172,0.8970845481049563,0.8966472303206997,0.8849125364431487,0.8787172011661808,0.8980320699708455,0.8648323615160349,0.818768221574344,0.8426749271137026,0.863265306122449,0.8724854227405248
test_accs: 0.7221574344023324,0.8341472303206997,0.7495991253644315,0.8407434402332361,0.8755102040816326,0.8594387755102041,0.8635568513119534,0.8401967930029155,0.8842201166180758,0.8541545189504374,0.8720845481049563,0.8779883381924198,0.9009839650145772,0.9004737609329446,0.8895043731778426,0.8831268221574344,0.902405247813411,0.8685131195335277,0.8262755102040816,0.847594752186589,0.8685860058309038,0.878097667638484
test_f1s: 0.7371073195543988,0.8342380728680763,0.7664516207731258,0.8458977891562475,0.8757744826317472,0.8623537804316915,0.8643480248751445,0.8462637293251112,0.8834686452942019,0.858469641789974,0.8736522763562413,0.8791516841455402,0.8990547779987309,0.898717539096581,0.8889606303962412,0.8848497611842375,0.9011518348214358,0.872559042024807,0.8354666563716298,0.853472597805682,0.8727825734053655,0.8812493197413547
test_aurocs: 0.7638042984470252,0.8460999752337004,0.8671895243196795,0.8929807453776999,0.8993384646512408,0.9031275639100655,0.8965492109060865,0.9074441263488454,0.9098028104244186,0.9063947971609682,0.908091171119416,0.916050616281866,0.9200776775023536,0.921052410589905,0.9176482675171623,0.9237565968130835,0.9265046184227096,0.9311216135429685,0.9237743558768583,0.9193260828158303,0.9334576898630125,0.936907548650707
params_latencies: 3899.2528757080436,3918.512798845768,3861.029944382608,3863.0749471485615,3869.8538532480597,3861.172185279429,3854.952766560018,3858.868288807571,3850.925057195127,3951.590107753873,3923.9352382719517,3894.43282969296,3816.3398019969463,3870.6868328154087,3818.0158473551273,3855.2081026136875,3862.825999967754,3870.7924960181117,3866.86600279063,3813.2365001365542,3833.779371343553,3810.63022185117
learning_rates: 0.001,0.001,0.001,0.001,0.001,0.001,0.001,0.001,0.001,0.001,0.001,0.001,0.001,0.001,0.001,0.001,0.001,0.001,0.001,0.001,0.001,0.0005
num_params: 81226
num_gpus_used: 2
best_epoch: 17
best_val_f1: 0.8968356810348762
early_stop_triggered: True
final_epoch: 22

Config Settings:
seed: 42
data_dir: ../../data
output_dir: ../../a-testcode/EEG-Transformer/results0710
batch_size: 16
num_epochs: 100
lr: 0.001
weight_decay: 0.0001
val_split: 0.15
test_split: 0.15
emb_size: 40
depth: 4
n_channels: 64
n_samples: 2048
early_stopping: {'patience': 5, 'min_delta': 0.001}
lr_scheduler: {'name': 'ReduceLROnPlateau', 'params': {'factor': 0.5, 'patience': 3, 'threshold': 0.001, 'min_lr': 1e-06}}
